25920
24622
25992
27205
25381
25609
26797
25646
25736
26723
24771
26568
25156
25086
24695
25998
26335
25220
25077
25445
26652
26243
25461
26482
24867
25403
27150
27033
25603
26788
26910
25756
24880
24840
24905
26524
25608
24584
26164
25361
26527
24634
26633
26329
26572
27369
24772
25186
26835
26547
27064
25271
26088
24655
26834
27436
25557
26487
24873
27211
25019
26552
27842
26504
25937
27837
25702
26267
26130
25806
25858
25531
27866
24781
27806
27376
24859
25559
26597
26036
26678
26757
26272
27732
25707
24595
26998
24777
25374
26471
25630
27462
26327
25181
26803
26027
25221
27127
24507
27334
26522
26502
27674
25716
26080
27610
25674
27124
26891
26490
27339
26029
25183
24802
25330
26548
27581
27167
25631
25198
27850
27504
26280
26946
26573
27793
26225
24636
27764
26352
27160
25880
25530
25831
25798
24448
27102
24657
26880
25659
25143
27481
24913
25471
27592
25580
26398
26106
25652
24600
25976
26020
26624
25223
25189
26062
26909
25470
27562
26136
25689
27505
26213
24700
24676
25375
25317
24896
24881
27286
25373
25622
26804
27094
24747
25145
25581
25469
25482
26590
25973
27276
26799
25906
25625
27626
26707
27180
27142
27560
27649
24610
26334
27855
27336
26790
26115
25977
26086
26220