11255
11896
12243
12881
12919
13066
13269
13672
13685
14357
14406
17474
17644
17660
17681
17687
17688
17692
17693
17699
17717
17722
17731
17739
17751
17759
17782
17839
17863
17866
17871
17884
17944
17954
17994
18001
18037
18056
18087
18113
18140
18163
18168
18182
18199
18209
18215
18286
18301
18318
18343
18362
18377
18388
18402
18408
18442
18447
18452
18543
18557
18562
18635
18639
18649
18677
18688
18721
18722
18771
18772
18773
18794
18803
18864
18901
18913
18935
18967
18969
18972
18985
18990
19026
19037
19059
19072
19095
19178
19184
19196
19200
19205
19257
19286
19361
19369
19375
19391
19447
19462
19485
19497
19546
19548
19557
19558
19567
19571
19581
19583
19593
19600
19614
19648
19651
19655
19678
19688
19751
19761
19797
19844
19902
19973
19989
20025
20097
20101
20102
20106
20174
20212
20245
20253
20255
20278
20286
20327
20357
20395
20397
20432
20438
20515
20560
20607
20609
20614
20626
20645
20653
20678
20686
20694
20697
20700
20705
20706
20707
20710
20712
20722
20724
20727
20730
20734
20745
20747
20759
20765
20770
20771
20779
20780
20791
20800
20803
20808
20811
20818
20819
20834
20842
20866
20871
20882
20893
20910
20915
20916
20918
20921
20926
20943
20945
20949
20964
20974
20982
20986
20987
20988
20989
20992
20995
21006
21017
21041
21044
21049
21050
21053
21058
21067
21071
21078
21079
21090
21100
21101
21106
21113
21121
21131
21135
21138
21144
21154
21156
21169
21188
21192
21197
21211
21219
21235
21236
21247
21248
21258
21266
21267
21268
21281
21282
21290
21292
21305
21316
21318
21324
21326
21328
21333
21334
21342
21349
21356
21357
21361
21362
21365
21367
21383
21397
21400
21404
21419
21420
21441
21444
21457
21461
21463
21465
21468
21477
21479
21484
21491
21501
21502
21506
21515
21518
21522
21533
21539
21541
21558
21566
21567
21580
21581
21595
21601
21614
21622
21628
21629
21630
21631
21634
21635
21652
21662
21675
21681
21691
21700
21704
21738
21743
21760
21762
21766
21778
21779
21783
21785
21792
21803
21805
21812
21813
21826
21859
21866
21867
21868
21883
21884
21902
21905
21921
21925
21929
21943
21950
21955
21961
21963
21964
21979
21988
22003
22006
22008
22009
22015
22021
22025
22043
22047
22049
22052
22054
22055
22068
22070
22071
22082
22086
22096
22099
22101
22103
22111
22127
22137
22141
22144
22149
22150
22155
22162
22166
22169
22186
22188
22194
22201
22207
22208
22209
22223
22224
22228
22232
22238
22247
22249
22252
22256
22259
22266
22271
22274
22280
22289
22291
22292
22296
22300
22304
22316
22323
22342
22345
22346
22368
22369
22377
22379
22383
22387
22391
22393
22406
22437
22440
22452
22459
22465
22467
22495